2.2 5 6
4
2.2 5 8
0
2.2 5 10
0
2.2 7 6
0
2.2 7 8
0
2.2 5 6
0
2.2 5 8
0
2.2 5 10
0
2.2 7 6
0
2.2 7 8
0
2.2 7 10
0
2.2 9 6
0
2.2 9 8
0
2.2 9 10
0
2.2 11 6
0
2.2 11 8
0
2.2 11 10
0
2.2 13 6
0
2.2 13 8
0
2.2 13 10
0
2.2 15 6
0
2.2 15 8
0
2.2 15 10
0
2.4 5 6
0
2.4 5 8
0
2.4 5 10
0
2.4 7 6
0
2.4 7 8
0
2.4 7 10
0
2.4 9 6
0
2.4 9 8
0
2.4 9 10
0
2.4 11 6
0
2.4 11 8
0
2.4 11 10
0
2.4 13 6
0
2.4 13 8
0
2.4 13 10
0
2.4 15 6
0
2.4 15 8
0
2.4 15 10
0
2.2 5 6
0
2.2 5 8
0
2.2 5 10
0
2.2 7 6
0
2.2 7 8
0
2.2 7 10
0
2.2 5 6
20
2.2 5 8
31
2.2 5 10
26
2.2 7 6
27
2.2 7 8
28
2.2 7 10
22
2.2 9 6
32
2.2 9 8
25
2.2 9 10
26
2.2 11 6
23
2.2 11 8
21
2.2 11 10
27
2.2 13 6
22
2.2 13 8
25
2.2 13 10
28
2.2 15 6
31
2.2 15 8
24
2.2 15 10
34
2.4 5 6
23
2.4 5 8
30
2.4 5 10
19
2.4 7 6
30
2.4 7 8
28
2.4 7 10
23
2.4 9 6
21
2.4 9 8
19
2.4 9 10
18
2.4 11 6
27
2.4 11 8
26
2.4 11 10
27
2.4 13 6
25
2.4 13 8
17
2.4 13 10
24
2.4 15 6
27
2.4 15 8
22
2.4 15 10
21
