2.2 5 6
4
2.2 5 8
0
2.2 5 10
0
2.2 7 6
0
2.2 7 8
0
2.2 5 6
0
2.2 5 8
0
2.2 5 10
0
2.2 7 6
0
2.2 7 8
0
2.2 7 10
0
2.2 9 6
0
2.2 9 8
0
2.2 9 10
0
2.2 11 6
0
2.2 11 8
0
2.2 11 10
0
2.2 13 6
0
2.2 13 8
0
2.2 13 10
0
2.2 15 6
0
2.2 15 8
0
2.2 15 10
0
2.4 5 6
0
2.4 5 8
0
2.4 5 10
0
2.4 7 6
0
2.4 7 8
0
2.4 7 10
0
2.4 9 6
0
2.4 9 8
0
2.4 9 10
0
2.4 11 6
0
2.4 11 8
0
2.4 11 10
0
2.4 13 6
0
2.4 13 8
0
2.4 13 10
0
2.4 15 6
0
2.4 15 8
0
2.4 15 10
0
2.2 5 6
0
2.2 5 8
0
2.2 5 10
0
2.2 7 6
0
2.2 7 8
0
2.2 7 10
0
2.2 5 6
20
2.2 5 8
31
